000000000000000000000000000000
000000000000000000000000000000
000000000000000000000000000000
000000022000000000000000000000
000000002200000000000000000000
000000000220000000020000000000
000000000220000000222000000000
000000000022000002220000000000
000000000002200022200000000000
000000000002222222000000000000
000000000000222200000000000000
000000000000222000000000000000
000000000002202200000000000000
000000000022000220000000000000
000000000220000022000000000000
000000002220000022200000000000
000000022000000002200000000000
000000000000000000000000000000
000000000000000000000000000000
000000000000000000000000000000
000000000000000000000000000000
000000000000000000000000000000
000000000000000000000000000000
000000000000000000000000000000
000000000000000000000000000000
000000000000000000000000000000
000000000000000000000000000000
000000000000000000000000000000
000000000000000000000000000000
000000000000000000000000000000